"Id","age","sex","gender","native_language","language_specification","employment_status","comments"
"IZTECH_S011",22,"Male","Man",TRUE,,"Full time employed",
